7 0.28987129266927814 0.14707046714172606 0.3961947397873531 0.04948535233570863
7 0.289311695579183 0.11045130641330166 0.39843312814773363 0.022961203483768806
7 0.2901510912143257 0.19457640538400633 0.3967543368774482 0.047110055423594616
7 0.2901510912143257 0.23416468725257325 0.39563514269725797 0.030482977038796516
7 0.2901510912143257 0.2753365003958828 0.39339675433687743 0.048693586698337295
7 0.2901510912143257 0.3234362628661916 0.39563514269725797 0.04513064133016627
7 0.2907106883044208 0.3739113222486144 0.3967543368774482 0.05423594615993666
7 0.2909904868494684 0.42577197149643703 0.3973139339675434 0.04790182106096595
7 0.2909904868494684 0.47268408551068886 0.3973139339675434 0.04513064133016627
7 0.2907106883044208 0.5148456057007126 0.3978735310576385 0.03602533650039588
7 0.29182988248461106 0.5496832937450514 0.39899272523782875 0.03285827395091053
7 0.29182988248461106 0.5912509897070467 0.39899272523782875 0.047110055423594616
7 0.2921096810296586 0.6439034045922407 0.39843312814773363 0.058986539984164685
7 0.2907106883044208 0.6979414093428346 0.3922775601566872 0.04671417260490895
7 0.29182988248461106 0.7424782264449723 0.3945159485170677 0.0447347585114806
7 0.20397313933967542 0.7727632620744259 0.21880246222719643 0.0166270783847981
7 0.2915500839395635 0.7933491686460807 0.3973139339675434 0.02454473475851148
7 0.2946278679350867 0.8279889152810768 0.40570789031897037 0.04790182106096595
7 0.2907106883044208 0.868368962787015 0.4012311135982093 0.035233570863024546
7 0.29238947957470623 0.9063737133808393 0.40570789031897037 0.03760886777513856
7 0.7098489087856743 0.111243072050673 0.40458869613878007 0.02454473475851148
7 0.7101287073307219 0.15340459224069675 0.4062674874090655 0.05740300870942201
7 0.7112479015109121 0.1989311163895487 0.40738668158925573 0.0344418052256532
7 0.7104085058757694 0.24010292953285828 0.4101846670397314 0.047110055423594616
7 0.7109681029658645 0.2826603325415677 0.41130386121992163 0.035629453681710214
7 0.7112479015109121 0.31294536817102137 0.4141018466703973 0.02414885193982581
6 0.5057918298824846 0.9619714964370547 0.026843872411863458 0.015950118764845606
