7 0.4977591036414566 0.10585674713098536 0.77703081232493 0.05104867431737238
7 0.5028011204481793 0.15275029679461813 0.7792717086834734 0.04669568658488326
7 0.5061624649859944 0.20617332805698457 0.7703081232492998 0.05777601899485556
7 0.5050420168067227 0.25108824693312226 0.7703081232492998 0.03126236644242184
7 0.5064425770308123 0.2809655718242976 0.7708683473389356 0.02928373565492679
7 0.5070028011204482 0.31242580134546893 0.7798319327731092 0.03205381875741987
7 0.5022408963585434 0.3419074000791452 0.7792717086834734 0.027700831024930747
7 0.503641456582633 0.37198258804907003 0.7798319327731092 0.0332409972299169
7 0.503921568627451 0.40126632370399684 0.7792717086834734 0.02928373565492679
7 0.5022408963585434 0.4386624455876533 0.769187675070028 0.04629996042738425
7 0.5008403361344538 0.47685001978630787 0.7630252100840336 0.0332409972299169
7 0.5030812324929972 0.5065294815987337 0.7607843137254902 0.031658092599920855
7 0.5019607843137255 0.5455085081123863 0.7585434173669467 0.049465769687376336
7 0.5014005602240896 0.5827067669172933 0.7697478991596639 0.027305104867431738
7 0.5014005602240896 0.6193114364859518 0.765266106442577 0.04352987732489118
7 0.5002801120448179 0.6555203798971112 0.7663865546218488 0.03205381875741987
7 0.5011204481792717 0.6937079540957657 0.7669467787114846 0.048278591214879304
7 0.5030812324929972 0.7530668777206173 0.7719887955182073 0.07518796992481203
7 0.5014005602240896 0.8199445983379502 0.7742296918767507 0.05856747130985358
7 0.5008403361344538 0.8735654926790661 0.773109243697479 0.04867431737237832
