7 0.505602 0.107044 0.787115 0.047091
7 0.503361 0.153740 0.782633 0.046300
7 0.503922 0.205975 0.782633 0.057380
7 0.505042 0.258013 0.783754 0.045113
7 0.505042 0.297190 0.781513 0.031658
7 0.503361 0.327463 0.777031 0.028097
7 0.503641 0.363474 0.773109 0.043926
7 0.503641 0.408983 0.768627 0.043926
7 0.503081 0.452711 0.766387 0.042738
7 0.503361 0.505738 0.766947 0.062525
7 0.503361 0.558765 0.769188 0.043530
7 0.501681 0.603680 0.765826 0.044717
7 0.501120 0.641472 0.763585 0.030075
7 0.501401 0.678868 0.763025 0.043926
7 0.501681 0.730708 0.764706 0.059755
7 0.501401 0.784725 0.765266 0.047487
7 0.501401 0.830233 0.764146 0.042738
7 0.501961 0.874159 0.765266 0.043530
