7 0.502801 0.114563 0.765826 0.062129
7 0.502241 0.160665 0.765826 0.030075
7 0.501961 0.198061 0.764146 0.043134
7 0.500840 0.243569 0.761905 0.044717
7 0.501681 0.288880 0.762465 0.044321
7 0.502241 0.342105 0.763585 0.058963
7 0.502241 0.395330 0.763585 0.043530
7 0.501681 0.440245 0.764706 0.043926
7 0.501681 0.492481 0.764706 0.057380
7 0.501120 0.537000 0.766947 0.029284
7 0.502521 0.566284 0.766387 0.028492
7 0.501401 0.612188 0.767507 0.060942
7 0.500000 0.665018 0.764706 0.043134
7 0.500280 0.702216 0.765266 0.028888
7 0.499720 0.732687 0.764146 0.031262
7 0.499440 0.764345 0.764706 0.030471
