7 0.3871780515117581 0.6802532647407994 0.5403135498320268 0.015829046299960427
7 0.5008398656215005 0.70399683419074 0.7687569988801791 0.027700831024930747
7 0.5025195968645016 0.7402057776018995 0.7687569988801791 0.04709141274238227
7 0.5013997760358343 0.778393351800554 0.7665173572228443 0.03007518796992481
7 0.5027995520716685 0.8080728136129798 0.7715565509518477 0.030866640284922833
7 0.5025195968645016 0.8383458646616542 0.7743561030235162 0.0296794618124258
7 0.503919372900336 0.8709932726553226 0.780515117581187 0.03482390185991294
6 0.5027211646136618 0.9452908587257618 0.029988801791713326 0.02328452710724179
5 0.17769876819708846 0.44041946972694895 0.12443449048152296 0.015552037989711118
5 0.19299552071668533 0.23183221210922042 0.15993840985442329 0.016893549663632764
