7 0.280501 0.138258 0.403050 0.037458
7 0.279956 0.214857 0.403050 0.039983
7 0.275054 0.257576 0.412854 0.050505
7 0.278322 0.302820 0.396514 0.037458
7 0.278595 0.334596 0.397059 0.023569
7 0.695261 0.300715 0.398148 0.024832
7 0.284041 0.385943 0.402505 0.025253
7 0.279412 0.436027 0.405229 0.024411
7 0.279412 0.498527 0.398693 0.029040
7 0.279956 0.580808 0.399782 0.039562
7 0.280229 0.549663 0.403595 0.026936
7 0.282135 0.643729 0.399782 0.038300
7 0.282680 0.712542 0.406318 0.025253
7 0.277778 0.769571 0.407407 0.041667
7 0.281590 0.826599 0.403050 0.025253
