7 0.5003429355281207 0.1310185185185185 0.8209876543209876 0.04537037037037037
7 0.5044581618655692 0.1685185185185185 0.8264746227709191 0.025925925925925925
7 0.4993141289437586 0.2025462962962963 0.813443072702332 0.04212962962962963
7 0.5006858710562414 0.24421296296296297 0.813443072702332 0.043055555555555555
7 0.5027434842249657 0.28564814814814815 0.8203017832647462 0.044444444444444446
7 0.5030864197530864 0.3284722222222222 0.8209876543209876 0.0412037037037037
7 0.5006858710562414 0.36921296296296297 0.8161865569272977 0.043055555555555555
7 0.5 0.41805555555555557 0.8175582990397805 0.05740740740740741
7 0.5006858710562414 0.4652777777777778 0.8203017832647462 0.04259259259259259
7 0.5013717421124828 0.507175925925926 0.821673525377229 0.04212962962962963
7 0.5030864197530864 0.5418981481481482 0.8237311385459534 0.027314814814814816
7 0.5034293552812071 0.5789351851851852 0.823045267489712 0.04675925925925926
6 0.11720850480109739 0.08107870370370371 0.06886831275720165 0.021425925925925928
