2 0.26959686450167974 0.10352335708630245 0.4462486002239642 0.051860649247822646
7 0.727043673012318 0.0934283452098179 0.4339305711086226 0.026128266033254157
7 0.7262038073908175 0.1233174980205859 0.43561030235162373 0.03127474267616785
7 0.7273236282194849 0.15300870942201109 0.43673012318029114 0.026524148851939825
7 0.727043673012318 0.17814726840855108 0.43729003359462487 0.021377672209026127
7 0.7264837625979843 0.20091053048297705 0.43617021276595747 0.02414885193982581
7 0.7264837625979843 0.22446555819477435 0.4328107502799552 0.022961203483768806
7 0.7259238521836506 0.25593824228028506 0.4339305711086226 0.0344418052256532
7 0.7239641657334827 0.2907759303246239 0.43673012318029114 0.03127474267616785
7 0.7281634938409854 0.32046714172604907 0.4328107502799552 0.02494061757719715
7 0.7298432250839866 0.3499604117181314 0.429451287793953 0.034045922406967535
7 0.729003359462486 0.38895486935866985 0.43001119820828665 0.043942992874109264
7 0.7276035834266518 0.4313143309580364 0.4305711086226204 0.03365003958828187
7 0.7278835386338186 0.4645684877276326 0.4322508398656215 0.03285827395091053
7 0.7292833146696529 0.49683293745051466 0.4339305711086226 0.02929532858273951
6 0.4991489361702128 0.9613420427553444 0.02284434490481523 0.014687252573238323
5 0.28032474804031354 0.3038638163103721 0.1478555431131019 0.018321456848772764
