7 0.2730078563411897 0.09932659932659933 0.44388327721661053 0.034511784511784514
7 0.2738496071829405 0.13425925925925927 0.4377104377104377 0.03282828282828283
7 0.2735690235690236 0.1670875420875421 0.44163860830527496 0.03367003367003367
7 0.2727272727272727 0.20643939393939395 0.4388327721661055 0.04250841750841751
7 0.27441077441077444 0.2401094276094276 0.43209876543209874 0.023989898989898988
7 0.27581369248035914 0.27104377104377103 0.4270482603815937 0.03282828282828283
7 0.27441077441077444 0.3042929292929293 0.4298540965207632 0.034511784511784514
7 0.2735690235690236 0.3390151515151515 0.4281705948372615 0.03577441077441077
7 0.2730078563411897 0.3720538720538721 0.43265993265993263 0.03367003367003367
7 0.2735690235690236 0.4105639730639731 0.4371492704826038 0.04503367003367004
7 0.27413019079685746 0.4497053872053872 0.4393939393939394 0.03409090909090909
7 0.2735690235690236 0.4842171717171717 0.4405162738496072 0.0382996632996633
7 0.2735690235690236 0.5191498316498316 0.4382716049382716 0.03156565656565657
7 0.27413019079685746 0.5528198653198653 0.43602693602693604 0.036616161616161616
7 0.27469135802469136 0.5873316498316499 0.43602693602693604 0.03577441077441077
7 0.27413019079685746 0.6220538720538721 0.44163860830527496 0.03198653198653199
7 0.2732884399551066 0.6544612794612794 0.44219977553310885 0.03367003367003367
7 0.27104377104377103 0.6887626262626263 0.44332210998877664 0.03409090909090909
7 0.27497194163860833 0.7178030303030303 0.43097643097643096 0.024831649831649833
7 0.27637485970819303 0.7428451178451179 0.43265993265993263 0.026094276094276093
5 0.40503367003367 0.18859848484848485 0.06415824915824915 0.007302188552188553
6 0.9144388327721661 0.046258417508417506 0.036105499438832775 0.012592592592592593
