6 0.114198 0.083796 0.062414 0.027778
7 0.503772 0.484259 0.816872 0.046296
7 0.501029 0.895602 0.822359 0.031944
7 0.498285 0.864352 0.826475 0.026852
7 0.501029 0.838657 0.820988 0.026389
7 0.501372 0.810880 0.821674 0.029167
7 0.498285 0.774537 0.820988 0.040741
7 0.502401 0.741667 0.816872 0.024074
7 0.503772 0.714815 0.818244 0.028704
7 0.501715 0.685880 0.811385 0.028241
7 0.501029 0.657407 0.814129 0.028704
7 0.503086 0.629630 0.811385 0.026852
7 0.498971 0.595139 0.815501 0.043981
7 0.501372 0.553704 0.816187 0.038889
7 0.504115 0.519907 0.812071 0.029630
