6 0.123790 0.067614 0.048409 0.027438
7 0.502766 0.690838 0.777317 0.054875
7 0.501383 0.637188 0.774550 0.047526
7 0.245505 0.604116 0.272476 0.023518
7 0.500692 0.569574 0.781466 0.054385
7 0.501383 0.522783 0.771784 0.047036
7 0.479599 0.490691 0.743430 0.019108
7 0.502420 0.465458 0.772476 0.039196
7 0.502766 0.431406 0.773167 0.036747
7 0.492739 0.393190 0.783541 0.050465
7 0.502420 0.342234 0.778008 0.048506
7 0.502420 0.292749 0.778008 0.047526
7 0.495505 0.233709 0.787690 0.063694
7 0.497234 0.180304 0.775934 0.048996
7 0.504841 0.128368 0.764869 0.051935
