7 0.273438 0.919115 0.429977 0.034057
7 0.271991 0.883355 0.424769 0.034057
7 0.273727 0.848446 0.425926 0.033206
7 0.270255 0.813538 0.425926 0.035760
7 0.271991 0.784802 0.424769 0.027671
7 0.274595 0.761601 0.419560 0.020434
7 0.276042 0.733078 0.418981 0.035760
7 0.275174 0.697105 0.414931 0.031928
7 0.274306 0.662197 0.418981 0.039591
7 0.271991 0.630907 0.422454 0.024691
7 0.271123 0.608770 0.423032 0.022137
7 0.275174 0.583653 0.418403 0.022989
7 0.275174 0.561303 0.417245 0.020860
7 0.275174 0.531716 0.419560 0.034908
7 0.728299 0.918689 0.428819 0.036611
7 0.724826 0.882077 0.429977 0.034057
7 0.721644 0.847169 0.425926 0.033206
7 0.723380 0.813538 0.430556 0.035760
7 0.725984 0.777778 0.424190 0.034057
7 0.723380 0.743082 0.427083 0.031928
7 0.722512 0.706897 0.420718 0.037037
7 0.723380 0.666880 0.424769 0.042997
7 0.727431 0.619625 0.424769 0.048957
7 0.725694 0.577905 0.431713 0.031077
7 0.725116 0.545764 0.427083 0.034908
7 0.725116 0.510643 0.425926 0.034483
7 0.725116 0.475096 0.424769 0.033206
7 0.723669 0.439762 0.421875 0.031503
7 0.725984 0.406556 0.423032 0.033206
7 0.725116 0.369945 0.424769 0.037463
7 0.725116 0.335888 0.423611 0.034908
7 0.725116 0.301405 0.427083 0.034057
7 0.725116 0.264581 0.425926 0.035334
7 0.725116 0.230098 0.424769 0.032780
7 0.725984 0.194977 0.421875 0.033206
7 0.727431 0.159642 0.423611 0.032354
7 0.724248 0.132397 0.420718 0.023840
7 0.723380 0.103235 0.422454 0.038740
6 0.085359 0.955513 0.054977 0.020860
