6 0.914931 0.956577 0.060185 0.024691
5 0.107350 0.475309 0.103588 0.020860
7 0.274016 0.508089 0.419560 0.036186
7 0.275463 0.549808 0.415509 0.048106
7 0.274016 0.595573 0.418403 0.047680
7 0.274884 0.636867 0.416667 0.034908
7 0.274884 0.671988 0.414352 0.036186
7 0.275463 0.712857 0.416667 0.043848
7 0.276331 0.753299 0.417245 0.037888
7 0.275174 0.789698 0.419560 0.034057
7 0.275174 0.824819 0.419560 0.031928
7 0.274306 0.859728 0.420139 0.034483
7 0.272859 0.907833 0.424190 0.058323
7 0.726562 0.923797 0.424190 0.022137
7 0.724826 0.887399 0.425347 0.043848
7 0.724537 0.847169 0.424769 0.029800
7 0.724826 0.806301 0.420718 0.045126
7 0.723958 0.764794 0.422454 0.031077
7 0.723380 0.724351 0.421296 0.048106
7 0.724826 0.683269 0.423032 0.033206
7 0.724248 0.649000 0.424190 0.033631
7 0.722512 0.608557 0.424190 0.048106
7 0.722801 0.561728 0.427083 0.044700
7 0.721065 0.527246 0.425926 0.024266
7 0.724248 0.492763 0.427662 0.047254
7 0.724537 0.445083 0.425926 0.043848
7 0.723669 0.398680 0.425347 0.047254
7 0.721933 0.351000 0.424190 0.044700
7 0.723090 0.305023 0.424190 0.044700
7 0.721644 0.258834 0.424769 0.044274
7 0.722801 0.213069 0.428241 0.047254
7 0.723380 0.172201 0.429398 0.034483
7 0.723669 0.137505 0.426505 0.034908
7 0.723380 0.102597 0.430556 0.035760
