6 0.919560 0.958280 0.059028 0.019583
7 0.270255 0.802256 0.434028 0.033631
7 0.272280 0.760749 0.428819 0.045977
7 0.269965 0.716262 0.428819 0.044700
7 0.267650 0.664964 0.432292 0.057046
7 0.269965 0.607918 0.429977 0.059600
7 0.268229 0.560451 0.431134 0.037037
7 0.269097 0.520647 0.429398 0.045126
7 0.272569 0.481907 0.434028 0.040868
7 0.271412 0.441252 0.430556 0.046403
7 0.272569 0.395487 0.425926 0.046828
7 0.269965 0.349298 0.432292 0.049808
7 0.269965 0.308642 0.434606 0.037463
7 0.269387 0.268838 0.428819 0.051511
7 0.270544 0.223074 0.426505 0.045126
7 0.272280 0.176245 0.428819 0.047680
7 0.271123 0.136654 0.431134 0.035760
7 0.270255 0.100043 0.430556 0.037463
7 0.725405 0.099617 0.429977 0.034908
7 0.725405 0.170285 0.433449 0.034908
7 0.726562 0.135164 0.431134 0.035334
