6 0.075196 0.050295 0.025814 0.013889
7 0.291526 0.563131 0.403479 0.025253
7 0.291246 0.591540 0.408530 0.035774
7 0.292929 0.626894 0.418631 0.035774
7 0.293771 0.666035 0.412458 0.045875
7 0.292649 0.710859 0.407969 0.045455
7 0.293210 0.745370 0.405724 0.022727
7 0.293210 0.768098 0.407969 0.025253
7 0.290685 0.790614 0.406285 0.025673
7 0.290404 0.813552 0.404602 0.021886
7 0.290404 0.840699 0.411336 0.033249
7 0.288721 0.873737 0.415825 0.033670
7 0.287879 0.907828 0.410774 0.036195
7 0.287037 0.944865 0.411336 0.035354
7 0.732323 0.573653 0.418631 0.026936
7 0.729798 0.549663 0.418070 0.022727
7 0.729517 0.526936 0.414141 0.024411
7 0.729517 0.504419 0.407407 0.021465
7 0.730640 0.482534 0.414141 0.023990
7 0.730920 0.459175 0.413580 0.022727
7 0.733165 0.436448 0.412458 0.021886
7 0.732884 0.408670 0.416386 0.034512
7 0.732043 0.380892 0.412458 0.023569
7 0.732884 0.357323 0.414141 0.024411
7 0.729237 0.334596 0.416947 0.024411
7 0.730079 0.313342 0.411897 0.023990
7 0.731481 0.288721 0.412458 0.026936
7 0.731481 0.255682 0.410213 0.045034
7 0.730640 0.216540 0.410774 0.036616
7 0.731201 0.181397 0.409652 0.031987
7 0.730359 0.148569 0.414703 0.035354
7 0.729237 0.107323 0.409091 0.044613
