6 0.191769 0.065321 0.036394 0.022961
7 0.520437 0.126089 0.693729 0.070071
7 0.521837 0.192399 0.699888 0.049881
7 0.519597 0.242280 0.689810 0.049881
7 0.525476 0.287213 0.707167 0.037609
7 0.523236 0.326603 0.693729 0.039588
7 0.519037 0.373120 0.699888 0.055028
7 0.522676 0.425178 0.692609 0.053048
7 0.520157 0.473674 0.690929 0.041568
7 0.523516 0.526722 0.694289 0.066112
7 0.523516 0.580166 0.696529 0.035234
7 0.528275 0.615994 0.703807 0.034046
7 0.519877 0.655186 0.687010 0.040380
7 0.521277 0.691013 0.692049 0.037609
7 0.468925 0.723872 0.581747 0.022565
7 0.523796 0.751979 0.690370 0.039192
7 0.440090 0.781077 0.525196 0.025337
7 0.520717 0.826603 0.684211 0.066508
7 0.520437 0.886975 0.687010 0.050277
