7 0.505602 0.105857 0.782633 0.055797
7 0.502801 0.147606 0.777031 0.033241
7 0.501120 0.182430 0.773669 0.045113
7 0.502521 0.228136 0.768627 0.047883
7 0.500280 0.271468 0.765266 0.045904
7 0.503641 0.316779 0.768627 0.047091
7 0.502801 0.363474 0.770308 0.044717
7 0.502241 0.409774 0.765826 0.048674
7 0.507563 0.861496 0.778711 0.050653
7 0.502241 0.805698 0.771429 0.063316
7 0.498880 0.752473 0.765826 0.043926
7 0.498599 0.700435 0.761905 0.058567
7 0.501120 0.648199 0.763585 0.046696
7 0.503081 0.601702 0.770868 0.043926
7 0.500560 0.557182 0.761345 0.048279
7 0.500000 0.519588 0.763585 0.030075
7 0.498880 0.489909 0.765826 0.030075
7 0.501961 0.453502 0.768627 0.043530
