6 0.867581 0.890340 0.045353 0.026920
7 0.307111 0.830166 0.391377 0.042755
7 0.304871 0.792162 0.366741 0.035629
7 0.299272 0.737926 0.372340 0.073634
7 0.303471 0.664687 0.368421 0.079968
7 0.300952 0.598179 0.370101 0.064133
7 0.301792 0.537213 0.369541 0.061758
7 0.300672 0.480404 0.371781 0.049485
7 0.303751 0.425178 0.368981 0.060966
7 0.302632 0.363222 0.365622 0.065321
7 0.302912 0.313539 0.367301 0.036421
7 0.304311 0.270388 0.368981 0.050673
7 0.301232 0.229612 0.372900 0.036421
7 0.301232 0.179731 0.367301 0.064133
7 0.301512 0.128662 0.362262 0.038005
7 0.699888 0.145487 0.372900 0.077989
7 0.696529 0.210016 0.367301 0.051861
7 0.698768 0.257522 0.371781 0.047110
7 0.697088 0.308195 0.360582 0.047902
7 0.694569 0.349565 0.375700 0.041172
