6 0.501089 0.939604 0.041394 0.024832
7 0.292484 0.611953 0.408497 0.047138
2 0.291667 0.309975 0.410131 0.251263
7 0.709423 0.577862 0.405773 0.049663
7 0.706699 0.523148 0.407952 0.058081
7 0.706155 0.471170 0.404684 0.050926
7 0.705882 0.427820 0.405229 0.036616
7 0.706427 0.386785 0.398693 0.046296
7 0.707789 0.346591 0.403595 0.039983
7 0.706972 0.303662 0.407407 0.047559
7 0.706155 0.257155 0.401416 0.047138
7 0.707789 0.208333 0.405773 0.049663
7 0.708878 0.160564 0.399237 0.050084
7 0.706427 0.111532 0.405229 0.050505
