5 0.182811 0.285136 0.234602 0.031942
6 0.103583 0.031516 0.057111 0.019591
7 0.724244 0.921210 0.429451 0.030664
7 0.722844 0.887138 0.417693 0.037479
7 0.721165 0.855835 0.407615 0.026831
7 0.721165 0.830494 0.410974 0.025554
7 0.717525 0.801107 0.414894 0.025554
7 0.721725 0.770656 0.414334 0.037053
7 0.283035 0.848382 0.407055 0.038330
7 0.283595 0.882666 0.408175 0.028535
7 0.286114 0.917376 0.406495 0.042589
7 0.723964 0.734242 0.419933 0.029813
7 0.720605 0.710605 0.422172 0.025128
7 0.722844 0.676107 0.415454 0.044719
7 0.721445 0.626704 0.419373 0.054089
7 0.719205 0.587308 0.410414 0.027257
7 0.717245 0.561755 0.416573 0.028961
7 0.719765 0.527044 0.413774 0.040460
7 0.720885 0.487010 0.412654 0.038756
7 0.719205 0.454429 0.419373 0.031516
7 0.723684 0.427172 0.421613 0.028961
7 0.722004 0.380111 0.418253 0.067717
7 0.720605 0.333475 0.415454 0.026405
7 0.722844 0.305366 0.414334 0.025554
7 0.726204 0.271721 0.421053 0.042589
7 0.722844 0.237862 0.417693 0.026831
7 0.727604 0.203790 0.412654 0.036201
7 0.723684 0.166312 0.414894 0.043015
7 0.727044 0.118186 0.417133 0.054940
7 0.725084 0.076448 0.412094 0.024276
