7 0.270255 0.918476 0.418981 0.037037
7 0.273438 0.887825 0.423032 0.025117
7 0.271991 0.851426 0.424769 0.043423
7 0.274306 0.812261 0.423611 0.036611
7 0.271123 0.770754 0.428819 0.047254
7 0.270255 0.722435 0.423611 0.046828
7 0.273438 0.682844 0.427662 0.036611
7 0.272859 0.651980 0.419560 0.021711
7 0.267650 0.621541 0.425347 0.036611
7 0.271123 0.580034 0.423032 0.045551
7 0.271123 0.539378 0.425347 0.032354
7 0.268519 0.504896 0.429398 0.037463
7 0.271123 0.468072 0.424190 0.032780
7 0.272569 0.433376 0.428241 0.035760
7 0.271123 0.397190 0.423032 0.033206
7 0.273438 0.361856 0.420718 0.034908
7 0.271123 0.326735 0.427662 0.032780
7 0.270544 0.291401 0.427662 0.033631
7 0.271123 0.254364 0.423032 0.035334
7 0.271123 0.214134 0.426505 0.044274
7 0.271123 0.178799 0.424190 0.023840
7 0.274306 0.148787 0.424769 0.033631
7 0.271123 0.106003 0.423032 0.045126
7 0.726852 0.911452 0.431713 0.043423
7 0.725984 0.864623 0.425347 0.046828
7 0.723380 0.819072 0.422454 0.042571
7 0.722512 0.772031 0.421875 0.044700
7 0.724248 0.725202 0.428819 0.045551
7 0.725984 0.672840 0.424190 0.052363
7 0.725116 0.619838 0.427083 0.042571
7 0.724248 0.574074 0.426505 0.042146
7 0.723669 0.522776 0.427662 0.053640
7 0.724248 0.469987 0.425347 0.045126
7 0.724248 0.423372 0.426505 0.045551
7 0.724248 0.377182 0.420718 0.045977
7 0.725984 0.336526 0.426505 0.034483
7 0.724248 0.299276 0.421875 0.031503
7 0.726852 0.266284 0.428241 0.033631
7 0.724826 0.234994 0.427662 0.021286
7 0.725984 0.212431 0.426505 0.025543
7 0.725116 0.182844 0.424769 0.029374
7 0.728299 0.141550 0.428819 0.045551
7 0.725116 0.099830 0.428241 0.038740
6 0.913773 0.957216 0.057870 0.007237
