6 0.874580 0.894299 0.047032 0.016627
7 0.532475 0.821259 0.715566 0.053444
7 0.533035 0.766231 0.720045 0.036817
7 0.527996 0.700713 0.721165 0.068092
7 0.527996 0.635788 0.725644 0.036421
7 0.530795 0.580166 0.720045 0.051861
7 0.529395 0.517617 0.713886 0.049485
7 0.527156 0.463579 0.713886 0.041964
7 0.528835 0.422011 0.711646 0.019794
7 0.529395 0.382819 0.715006 0.041964
7 0.530515 0.327791 0.726204 0.050673
7 0.524916 0.271774 0.710526 0.035234
7 0.532475 0.206255 0.717805 0.065717
7 0.531915 0.140340 0.714446 0.037609
