6 0.877660 0.893903 0.040873 0.026128
7 0.532755 0.811956 0.715006 0.039588
7 0.533315 0.763262 0.722844 0.038797
7 0.529955 0.705661 0.721725 0.054236
7 0.529955 0.654592 0.726204 0.036025
7 0.531635 0.606097 0.720605 0.043547
7 0.534434 0.555226 0.730683 0.041568
7 0.517357 0.515241 0.698768 0.030483
7 0.529115 0.473872 0.720045 0.039588
7 0.532195 0.428345 0.726204 0.039588
7 0.529675 0.379850 0.718925 0.043151
7 0.529675 0.330958 0.713326 0.035629
7 0.532195 0.286223 0.715006 0.039588
7 0.503080 0.246635 0.655655 0.021378
7 0.498600 0.216746 0.651176 0.024149
7 0.526036 0.155780 0.722844 0.066112
