6 0.850763 0.952441 0.028322 0.021044
7 0.278322 0.800295 0.418301 0.023990
7 0.278867 0.762837 0.417211 0.045875
7 0.276961 0.719487 0.418845 0.035774
7 0.278595 0.683291 0.417756 0.033249
7 0.278595 0.644781 0.417756 0.035354
7 0.275871 0.612795 0.417756 0.020202
7 0.269336 0.593434 0.397059 0.012626
7 0.276688 0.572391 0.418301 0.022727
7 0.275599 0.530303 0.416122 0.056397
7 0.276416 0.480640 0.416667 0.031987
7 0.275871 0.443392 0.417756 0.034933
7 0.723856 0.765362 0.417211 0.045875
7 0.721678 0.722222 0.420479 0.031987
7 0.722495 0.680766 0.417756 0.045034
7 0.721950 0.639099 0.417756 0.035774
7 0.723039 0.594276 0.412309 0.043771
7 0.711601 0.562290 0.398148 0.012626
7 0.721678 0.531355 0.415033 0.045875
7 0.721405 0.488215 0.416667 0.036195
7 0.722495 0.440236 0.417756 0.056397
7 0.721133 0.384680 0.418301 0.045455
7 0.721950 0.331439 0.418845 0.057660
7 0.719499 0.276936 0.415033 0.046296
7 0.721133 0.229588 0.418301 0.048401
7 0.720588 0.186658 0.418301 0.031566
7 0.721950 0.154251 0.418845 0.024832
7 0.720588 0.115951 0.419390 0.044192
7 0.734205 0.079545 0.386710 0.025253
