6 0.872060 0.895685 0.044233 0.024941
7 0.530795 0.807205 0.718925 0.061758
7 0.508679 0.757522 0.674692 0.017815
7 0.527436 0.716350 0.720045 0.035234
7 0.530515 0.668448 0.707167 0.041568
7 0.526596 0.620942 0.704927 0.035234
7 0.528275 0.566706 0.723964 0.057403
7 0.531075 0.508511 0.722844 0.042359
7 0.529395 0.454276 0.726204 0.048694
7 0.534155 0.399446 0.732363 0.038797
7 0.526876 0.349762 0.724524 0.038401
7 0.527436 0.301861 0.720045 0.039192
7 0.532755 0.243666 0.726204 0.055819
7 0.529955 0.182106 0.720605 0.050673
7 0.513158 0.133215 0.681411 0.020982
