6 0.875980 0.894893 0.029675 0.017815
7 0.528275 0.779889 0.723964 0.038797
7 0.528835 0.724070 0.717245 0.056215
7 0.528555 0.668844 0.716685 0.034442
7 0.529675 0.613025 0.714446 0.055819
7 0.532475 0.556809 0.720045 0.040776
7 0.530795 0.509303 0.729003 0.038401
7 0.532475 0.453088 0.724524 0.058195
7 0.529955 0.397664 0.720605 0.036817
7 0.507839 0.350158 0.666293 0.034442
7 0.528835 0.301663 0.722844 0.037213
7 0.527996 0.253167 0.722284 0.040776
7 0.526596 0.208234 0.717245 0.035629
7 0.530515 0.150831 0.720605 0.054632
