6 0.874020 0.896081 0.040314 0.017815
7 0.528835 0.811956 0.719485 0.039588
7 0.530515 0.764450 0.725084 0.041172
7 0.531075 0.707047 0.727324 0.053840
7 0.526876 0.643508 0.731243 0.058987
7 0.529115 0.571853 0.720045 0.072447
7 0.528835 0.508314 0.717245 0.038005
7 0.531075 0.453682 0.717245 0.053840
7 0.532195 0.389747 0.725084 0.056611
7 0.531915 0.334125 0.715566 0.041964
7 0.529115 0.286421 0.714446 0.036025
7 0.532755 0.238519 0.720605 0.037609
7 0.529115 0.190618 0.714446 0.036817
7 0.530235 0.141924 0.721165 0.039984
