2 0.505447 0.236953 0.800654 0.185185
5 0.506264 0.344276 0.372004 0.025253
6 0.607026 0.967382 0.017974 0.018939
7 0.406046 0.869949 0.557190 0.016835
7 0.393519 0.853746 0.531046 0.015572
7 0.418845 0.838594 0.577342 0.012205
7 0.500545 0.824705 0.741830 0.014731
7 0.453431 0.810185 0.654139 0.015152
7 0.424564 0.796507 0.590959 0.014731
7 0.513072 0.781355 0.767974 0.015572
7 0.513617 0.752525 0.767974 0.042929
7 0.514161 0.716540 0.772331 0.033249
7 0.515795 0.686237 0.767974 0.030724
7 0.516612 0.657828 0.772876 0.028620
7 0.514978 0.628998 0.771786 0.033249
