6 0.143617 0.908155 0.052072 0.028504
7 0.435610 0.861045 0.653975 0.022169
7 0.506439 0.821457 0.778835 0.052257
7 0.498600 0.768013 0.767637 0.049881
7 0.502800 0.714766 0.774916 0.050277
7 0.503919 0.660333 0.779395 0.057007
7 0.501400 0.604711 0.777716 0.050277
7 0.501120 0.553642 0.772676 0.048694
7 0.499720 0.499406 0.768757 0.055028
7 0.502240 0.444181 0.776036 0.053840
7 0.494961 0.383808 0.772676 0.066112
7 0.502520 0.313539 0.770997 0.068092
7 0.499720 0.260095 0.781075 0.037213
7 0.502520 0.222882 0.779955 0.032462
7 0.496920 0.185273 0.768757 0.036421
7 0.497480 0.149842 0.769877 0.037609
