6 0.875420 0.894299 0.038634 0.015044
7 0.530795 0.822249 0.726764 0.059382
7 0.526596 0.766231 0.725084 0.036025
7 0.528555 0.715558 0.723404 0.039192
7 0.526316 0.659739 0.716685 0.055819
7 0.528835 0.596397 0.711646 0.055028
7 0.531355 0.538599 0.721165 0.040776
7 0.530235 0.482581 0.720045 0.057007
7 0.528835 0.422011 0.716125 0.050673
7 0.533035 0.365400 0.716685 0.038005
7 0.530795 0.309778 0.712206 0.051861
7 0.520437 0.262668 0.693729 0.022565
7 0.431411 0.230404 0.519037 0.022169
7 0.439810 0.197348 0.534714 0.024149
7 0.530515 0.148258 0.719485 0.057403
