5 0.261983 0.210859 0.254902 0.033670
6 0.508170 0.897517 0.046841 0.025673
7 0.321351 0.832492 0.347495 0.079125
7 0.317266 0.767887 0.341503 0.044192
7 0.318083 0.728325 0.343137 0.033249
7 0.319717 0.687290 0.343137 0.044613
7 0.316449 0.650253 0.339869 0.033670
7 0.317266 0.610901 0.342593 0.044192
7 0.318083 0.559764 0.340959 0.056397
7 0.694717 0.400253 0.343682 0.048822
7 0.693900 0.358375 0.345316 0.032407
7 0.693900 0.324285 0.344227 0.033249
7 0.691449 0.291035 0.339325 0.032407
7 0.691993 0.251684 0.340414 0.044613
7 0.691449 0.206439 0.339325 0.044192
7 0.690632 0.161827 0.343137 0.046717
7 0.692266 0.121423 0.342048 0.033249
7 0.691993 0.094487 0.343682 0.023148
