6 0.807951 0.060174 0.041433 0.023753
7 0.479563 0.905978 0.698208 0.041568
7 0.479283 0.865796 0.693169 0.034838
7 0.484602 0.811758 0.698208 0.071655
7 0.485162 0.753563 0.694849 0.042359
7 0.488802 0.720111 0.704367 0.024545
7 0.479283 0.679137 0.698768 0.050277
7 0.486842 0.625891 0.694849 0.047506
7 0.432251 0.590855 0.636058 0.022565
7 0.478723 0.552850 0.684211 0.053444
7 0.482363 0.507918 0.695969 0.034046
7 0.380459 0.479018 0.479843 0.019002
7 0.480683 0.449723 0.703807 0.035629
7 0.484882 0.404790 0.687570 0.047902
7 0.479283 0.352534 0.695409 0.056611
7 0.483483 0.300277 0.690370 0.046318
7 0.456047 0.265835 0.635498 0.026524
7 0.479843 0.234956 0.692049 0.036817
7 0.480403 0.189628 0.693169 0.054632
7 0.473964 0.127276 0.706047 0.066112
