7 0.499160 0.867630 0.764146 0.028888
7 0.497199 0.836565 0.764706 0.030867
7 0.499440 0.799367 0.761345 0.043530
7 0.499720 0.754254 0.763025 0.041947
7 0.498039 0.708548 0.763025 0.044717
7 0.499720 0.663237 0.765266 0.041156
7 0.498319 0.617926 0.762465 0.045509
7 0.498319 0.574397 0.765826 0.045509
7 0.500280 0.529284 0.764146 0.044717
7 0.498319 0.484171 0.759104 0.045509
7 0.496359 0.438267 0.763025 0.046300
7 0.499160 0.392956 0.765266 0.045904
7 0.499160 0.348239 0.765266 0.040364
7 0.499720 0.305501 0.765266 0.045113
7 0.499720 0.251484 0.763025 0.062920
7 0.499160 0.197665 0.764146 0.042343
7 0.501120 0.153937 0.761345 0.042738
7 0.497479 0.107440 0.764146 0.044717
