6 0.922930 0.034933 0.028867 0.021044
3 0.280229 0.215278 0.437364 0.196549
7 0.717593 0.144360 0.422113 0.038721
7 0.715414 0.175926 0.419935 0.024411
7 0.716503 0.210859 0.416667 0.047138
7 0.715959 0.251473 0.419935 0.035774
7 0.715959 0.284933 0.414488 0.035354
7 0.716776 0.327231 0.420479 0.045875
7 0.715959 0.373948 0.419935 0.047559
7 0.715142 0.419823 0.419390 0.048401
7 0.715142 0.466330 0.419390 0.049663
7 0.718137 0.523148 0.421024 0.066498
7 0.717320 0.575547 0.416122 0.037458
7 0.716776 0.609428 0.416122 0.033670
7 0.717593 0.657407 0.418845 0.060606
7 0.719499 0.697601 0.417211 0.023148
7 0.718410 0.727904 0.418301 0.035774
7 0.718137 0.767256 0.415577 0.047138
7 0.718137 0.807660 0.415577 0.034512
7 0.718682 0.838384 0.416667 0.027778
7 0.718137 0.865530 0.415577 0.034933
7 0.719227 0.906566 0.416667 0.046296
