6 0.133819 0.910135 0.036954 0.020586
7 0.503080 0.860451 0.773236 0.055028
7 0.427772 0.822249 0.627100 0.026128
7 0.501400 0.788994 0.775476 0.034838
7 0.500840 0.751781 0.772116 0.036421
7 0.496641 0.714173 0.773796 0.036421
7 0.503639 0.671219 0.767637 0.053444
7 0.503359 0.626287 0.760358 0.036421
7 0.504199 0.588480 0.770997 0.039984
7 0.502520 0.541370 0.770997 0.054236
7 0.503359 0.479612 0.764838 0.069279
7 0.503080 0.420230 0.764278 0.051069
7 0.504759 0.375891 0.767637 0.039192
7 0.504759 0.330760 0.772116 0.052652
7 0.502520 0.267815 0.767637 0.071655
5 0.231803 0.120942 0.250840 0.047110
