3 0.504085 0.153199 0.716231 0.196970
2 0.496460 0.302189 0.604031 0.104377
3 0.502996 0.493056 0.657407 0.274832
6 0.500545 0.950758 0.037037 0.018519
7 0.287037 0.922769 0.410675 0.018098
7 0.732571 0.649200 0.369281 0.034933
7 0.714325 0.689184 0.407952 0.051768
7 0.712691 0.739899 0.412309 0.052189
7 0.712963 0.789562 0.411765 0.050505
7 0.715142 0.832071 0.417211 0.038721
7 0.714869 0.875842 0.412309 0.050505
7 0.291122 0.671928 0.418845 0.061027
7 0.285403 0.724747 0.410675 0.048822
7 0.287037 0.781987 0.413943 0.065657
7 0.285675 0.833754 0.401416 0.042088
7 0.282680 0.882365 0.424837 0.061869
