6 0.875980 0.894101 0.031915 0.013856
7 0.531635 0.814331 0.718365 0.040380
7 0.530235 0.748219 0.717805 0.068092
7 0.525476 0.683096 0.718365 0.042359
7 0.530515 0.628266 0.722844 0.050673
7 0.515957 0.579770 0.681411 0.017815
7 0.529115 0.542755 0.714446 0.033254
7 0.532475 0.495447 0.720045 0.034442
7 0.527996 0.436263 0.732363 0.049089
7 0.532475 0.381235 0.721165 0.035629
7 0.530515 0.326603 0.725084 0.052257
7 0.525476 0.269794 0.721725 0.035234
7 0.530795 0.214173 0.733483 0.053840
7 0.532475 0.148654 0.731243 0.052652
