6 0.884431 0.078935 0.050069 0.026389
7 0.501715 0.807639 0.823731 0.035648
7 0.502401 0.776852 0.826475 0.031481
7 0.500686 0.748380 0.820302 0.031944
7 0.500000 0.713194 0.818930 0.042130
7 0.499314 0.679398 0.818930 0.027315
7 0.500686 0.653009 0.818930 0.032870
7 0.497599 0.624769 0.820988 0.030093
7 0.498971 0.596991 0.818244 0.028241
7 0.501372 0.569907 0.817558 0.030556
7 0.501715 0.542130 0.818244 0.029630
7 0.499657 0.513194 0.818244 0.029167
7 0.497257 0.486111 0.823045 0.027778
7 0.498971 0.458565 0.816872 0.029167
7 0.497942 0.424537 0.817558 0.044444
7 0.497257 0.380787 0.818930 0.039352
7 0.498285 0.342361 0.819616 0.039352
7 0.498971 0.300231 0.819616 0.044907
7 0.500000 0.255787 0.818930 0.043056
7 0.501715 0.224769 0.816872 0.028241
7 0.498971 0.189583 0.818244 0.041204
7 0.500343 0.153935 0.812757 0.031019
7 0.500686 0.125694 0.820302 0.030093
