3 0.321836 0.143577 0.377512 0.210747
6 0.504617 0.929681 0.058664 0.022250
5 0.693916 0.294710 0.100489 0.030227
7 0.693373 0.859782 0.356871 0.035264
7 0.691472 0.831234 0.353069 0.023510
7 0.693373 0.797859 0.354699 0.042401
7 0.690657 0.747271 0.352526 0.062972
7 0.692558 0.687657 0.353069 0.056255
7 0.691200 0.649874 0.353612 0.020991
7 0.690386 0.628044 0.350896 0.023510
7 0.693102 0.595928 0.354155 0.042401
7 0.691472 0.548908 0.355242 0.053317
7 0.692015 0.511125 0.351983 0.021411
7 0.692015 0.479429 0.351983 0.042821
7 0.692287 0.435558 0.355785 0.042401
7 0.691200 0.388329 0.355785 0.057095
7 0.689842 0.333753 0.351983 0.052897
