7 0.500000 0.107744 0.785403 0.044613
7 0.501906 0.169823 0.773965 0.061869
7 0.502723 0.229167 0.779956 0.041667
7 0.502723 0.277778 0.775599 0.042088
7 0.503540 0.336279 0.772876 0.063131
7 0.503813 0.393308 0.778867 0.039983
7 0.503813 0.452231 0.773420 0.058502
7 0.501362 0.518939 0.773965 0.058923
7 0.502723 0.584386 0.774510 0.060185
7 0.504357 0.644781 0.778867 0.042088
7 0.502451 0.712332 0.775054 0.076178
7 0.502996 0.795244 0.776144 0.077862
7 0.502179 0.873737 0.773420 0.058081
6 0.501089 0.941498 0.027233 0.018519
