7 0.283497 0.654040 0.400327 0.022727
7 0.284858 0.623316 0.401961 0.037037
7 0.281863 0.583544 0.401416 0.040825
7 0.284586 0.553030 0.401416 0.020202
7 0.282952 0.527778 0.402505 0.031145
7 0.283497 0.502736 0.401416 0.021465
7 0.282952 0.471380 0.399237 0.041246
7 0.282952 0.437079 0.402505 0.029882
7 0.282407 0.406987 0.398148 0.031145
7 0.282952 0.367214 0.398148 0.051768
7 0.281590 0.332912 0.404139 0.022727
7 0.286220 0.300926 0.398148 0.038721
7 0.286220 0.262626 0.393791 0.042088
7 0.287037 0.220749 0.399782 0.042508
7 0.287854 0.170244 0.390523 0.061869
7 0.284858 0.124158 0.395425 0.032828
