6 0.868141 0.894893 0.043113 0.022565
7 0.534155 0.145685 0.730123 0.067300
7 0.533315 0.212589 0.731803 0.051465
7 0.531635 0.269596 0.735162 0.037213
7 0.529955 0.316706 0.736282 0.034046
7 0.526876 0.364212 0.727884 0.036421
7 0.527436 0.437648 0.731243 0.086698
7 0.530515 0.508907 0.732923 0.032067
7 0.532195 0.564331 0.734043 0.051861
7 0.531075 0.619557 0.734043 0.036421
7 0.531635 0.675772 0.730683 0.053048
7 0.527436 0.733175 0.722284 0.038005
7 0.526876 0.779493 0.727884 0.036421
7 0.527436 0.835115 0.722284 0.059778
