7 0.49832026875699886 0.1462787015043547 0.6808510638297872 0.055819477434679333
7 0.5302351623740201 0.2076405384006334 0.7144456886898096 0.04156769596199525
7 0.52491601343785 0.25554235946159937 0.72508398656215 0.047110055423594616
7 0.5226763717805151 0.3089865399841647 0.7116461366181411 0.05977830562153603
7 0.5257558790593505 0.36441013460015836 0.7144456886898096 0.0447347585114806
7 0.4910414333706607 0.4020190023752969 0.6416573348264277 0.023357086302454474
7 0.5302351623740201 0.44596199524940616 0.7200447928331467 0.047110055423594616
7 0.5279955207166853 0.49346793349168644 0.7155655095184771 0.043942992874109264
7 0.5288353863381859 0.5395882818685669 0.7206047032474804 0.0395882818685669
7 0.5092385218365062 0.5764053840063341 0.687010078387458 0.027711797307996833
7 0.5296752519596865 0.6223277909738717 0.7189249720044792 0.04513064133016627
7 0.5324748040313549 0.6753760886777513 0.7189249720044792 0.052256532066508314
7 0.5324748040313549 0.7404988123515439 0.7189249720044792 0.058986539984164685
7 0.5310750279955208 0.7957244655581948 0.7217245240761478 0.040380047505938245
7 0.5293952967525196 0.8432304038004751 0.7217245240761478 0.03721298495645289
6 0.8759854423292274 0.8931512272367379 0.05166853303471445 0.017292161520190023
