7 0.5358342665173572 0.14034045922406968 0.723404255319149 0.051860649247822646
7 0.5316349384098544 0.19002375296912113 0.7172452407614781 0.04196357878068092
7 0.5316349384098544 0.23812351543942992 0.72508398656215 0.03365003958828187
7 0.5341545352743561 0.2856294536817102 0.729003359462486 0.03998416468725257
7 0.5324748040313549 0.3355106888361045 0.7222844344904815 0.045526524148851936
7 0.5288353863381859 0.38717339667458434 0.719484882418813 0.057007125890736345
7 0.5237961926091825 0.44457640538400633 0.7094064949608063 0.04117181314330958
7 0.47144456886898095 0.49742676167854316 0.6035834266517357 0.04631828978622328
7 0.524636058230683 0.5639350752177356 0.7133258678611423 0.08273950910530482
7 0.5324748040313549 0.6433095803642122 0.729003359462486 0.05938242280285035
7 0.5319148936170213 0.7094220110847189 0.7245240761478163 0.056215360253365
7 0.5319148936170213 0.7646476642913698 0.7189249720044792 0.04077593032462391
7 0.5008398656215005 0.8149247822644498 0.6567749160134378 0.04631828978622328
6 0.876595744680851 0.8971417260490894 0.05044232922732363 0.018321456848772764
