6 0.085119 0.065949 0.055113 0.017945
7 0.370484 0.362046 0.607471 0.014356
7 0.499694 0.384702 0.865891 0.026469
7 0.500919 0.412517 0.865891 0.025572
7 0.500612 0.441229 0.865279 0.026469
7 0.499388 0.471961 0.864054 0.026021
7 0.500000 0.500224 0.865279 0.026021
7 0.500612 0.529610 0.864054 0.028264
7 0.500919 0.558322 0.864666 0.024675
7 0.501225 0.587707 0.866503 0.027815
7 0.500919 0.617541 0.868340 0.028264
7 0.499694 0.645357 0.865891 0.024675
7 0.500000 0.674293 0.865279 0.027815
7 0.500612 0.702333 0.866503 0.025572
7 0.501531 0.731045 0.865891 0.027367
7 0.501531 0.766263 0.865891 0.039480
7 0.500612 0.800359 0.866503 0.025123
7 0.500612 0.828174 0.866503 0.026021
7 0.500919 0.857111 0.865891 0.026469
7 0.501531 0.887618 0.865891 0.029161
