3 0.298712 0.155978 0.427212 0.216944
5 0.305431 0.365598 0.165174 0.028899
6 0.515677 0.896873 0.064950 0.025732
7 0.720325 0.251188 0.396976 0.054236
7 0.718925 0.295724 0.395297 0.031671
7 0.718645 0.323436 0.393617 0.021378
7 0.718925 0.346793 0.393057 0.022169
7 0.631299 0.365004 0.217805 0.011876
7 0.720045 0.382225 0.394177 0.020982
7 0.720325 0.404394 0.391377 0.019398
7 0.719205 0.427553 0.390258 0.020586
7 0.639698 0.446358 0.230123 0.013856
7 0.718085 0.473872 0.389138 0.038797
7 0.719765 0.511085 0.389138 0.030879
7 0.720325 0.549287 0.388018 0.041568
7 0.720045 0.592835 0.389698 0.040776
7 0.718365 0.625495 0.388578 0.019794
7 0.720885 0.668646 0.393617 0.062549
